128 2,3,4 0.821862 0.379795
128 4,5,6 0.820538 0.381013
128 2,3,4,5 0.823902 0.375438
128 2 0.819049 0.383586
128 3 0.819656 0.38308
128 4 0.820869 0.381556
128 5 0.820649 0.380175
128 3,4,5 0.822799 0.380197
128 6 0.81949 0.383695
128 3,4,5,6 0.823572 0.379401
#64 2,3,4 0.827046 0.373295
64 3,4,5 0.822855 0.381082
128 3,4,5 0.822744 0.378377
200 3,4,5 0.816512 0.385019
300 3,4,5 0.809673 0.39655
400 3,4,5 0.821255 0.380186
500 3,4,5 0.819215 0.380294
# RUN 3
64 2,3,4,5 0.822965 0.37816
128 2,3,4,5 0.825943 0.373374
200 2,3,4,5 0.815961 0.388931
300 2,3,4,5 0.820152 0.380939
400 2,3,4,5 0.820152 0.378444
500 2,3,4,5 0.823351 0.377376
64 2 0.820428 0.381883
200 2 0.820538 0.380134
300 2 0.818443 0.382756
400 2 0.820538 0.380349
64 2 0.818387 0.385767
200 2 0.823075 0.380288
300 2 0.81938 0.382366
400 2 0.819215 0.385545
500 2 0.822413 0.379415
64 3 0.822358 0.384743
200 3 0.81938 0.38482
300 3 0.820373 0.379247
400 3 0.823351 0.378159
500 3 0.820097 0.37864
64 4 0.821696 0.383196
200 4 0.820979 0.383367
300 4 0.82131 0.380969
400 4 0.821641 0.379621
500 4 0.823902 0.378151
64 5 0.822469 0.381686
200 5 0.821366 0.383673
300 5 0.820538 0.384468
400 5 0.822634 0.37896
500 5 0.818718 0.382331
64 6 0.821641 0.382102
200 6 0.82109 0.382692
300 6 0.824013 0.382425
400 6 0.823186 0.379371
500 6 0.820814 0.379222
